*vertics 100
*edges
14 71
15 5
17 88
43 81
5 15
57 87
60 64
62 73
64 60
67 80
71 14
73 62
80 67
81 43
84 89
87 57
88 17
89 84
10 57
15 19
15 48
19 15
21 22
21 41
22 21
22 41
22 76
23 33
27 68
28 94
33 23
33 34
33 6
34 33
41 21
41 22
48 15
48 85
57 10
60 88
6 33
68 27
76 22
76 7
7 76
81 97
85 48
88 60
94 28
97 81
1 52
16 61
21 70
23 63
34 96
52 1
52 57
57 52
61 16
62 96
63 23
63 79
63 84
70 21
79 63
84 63
8 93
93 8
96 34
96 62
13 44
25 32
28 59
32 25
37 5
39 96
44 13
5 37
5 6
5 77
59 28
6 5
77 5
96 39
100 92
11 62
13 94
16 89
17 3
19 83
29 84
3 17
32 69
62 11
69 32
83 19
84 29
89 16
92 100
94 13
10 4
17 8
19 31
19 77
22 60
24 38
25 84
31 19
36 96
38 24
40 68
40 84
4 10
41 66
53 59
59 53
60 22
66 41
6 67
67 6
67 87
68 40
77 19
8 17
84 25
84 40
87 67
87 89
89 87
96 36
100 18
18 100
24 89
26 70
33 41
39 9
41 33
41 71
4 62
61 89
62 4
70 26
71 41
73 98
78 79
79 78
89 24
89 61
9 39
98 73
10 11
10 54
11 10
20 66
38 65
39 82
48 71
54 10
56 96
5 98
65 38
66 20
71 48
81 92
82 39
92 81
96 56
97 99
98 5
99 97
100 29
10 70
14 42
18 50
19 28
19 51
24 65
26 92
28 19
29 100
36 41
37 55
40 73
41 36
41 90
42 14
47 8
50 18
51 19
55 37
63 74
65 24
70 10
73 40
74 63
8 47
90 41
92 26
11 20
20 11
26 86
28 61
35 38
38 35
41 77
48 52
52 48
61 28
65 69
69 65
69 8
77 41
78 81
81 78
84 9
86 26
8 69
86 91
91 86
94 9
9 84
9 94
10 71
23 86
33 5
40 54
46 75
5 33
54 40
58 87
71 10
71 98
75 46
82 99
86 23
87 58
98 71
99 82
10 65
12 32
25 88
30 38
32 12
32 89
38 30
39 63
43 94
43 96
48 69
63 39
65 10
69 48
70 82
82 70
88 25
89 32
94 43
96 43
100 37
17 48
24 67
2 71
2 7
27 73
27 91
37 100
4 57
48 17
48 86
57 4
57 60
60 57
63 91
67 24
71 2
7 2
73 27
78 80
80 78
86 48
91 27
91 63
10 26
11 73
17 72
18 49
20 9
23 35
26 10
35 23
38 40
40 38
44 98
49 18
54 84
56 82
69 84
72 17
72 99
73 11
82 56
84 54
84 69
9 20
98 44
99 72
11 50
14 97
1 67
19 95
34 58
38 71
3 9
50 11
52 99
54 87
5 60
58 34
60 5
67 1
71 38
83 84
84 83
87 54
9 3
95 19
97 14
99 52
16 44
22 68
44 16
55 98
68 22
98 55
100 7
10 50
11 44
15 82
22 70
23 83
27 62
33 81
44 11
50 10
59 63
62 27
63 59
68 89
70 22
7 100
81 33
82 15
83 23
89 68
93 97
97 93
15 17
17 15
23 51
26 33
29 51
33 26
37 71
43 76
4 53
51 23
51 29
53 4
61 88
63 87
70 9
71 37
76 43
87 63
88 61
9 70
12 71
13 3
28 96
29 9
3 13
31 89
33 90
36 6
54 58
58 54
6 36
64 96
65 67
67 65
71 12
89 31
90 33
9 29
96 28
96 64
1 47
22 96
27 88
34 8
44 82
47 1
47 54
48 80
49 55
54 47
55 49
5 78
7 80
78 5
80 48
80 7
81 85
82 44
8 34
85 81
85 88
88 27
88 85
96 22
10 56
17 69
21 66
27 32
32 27
45 58
51 98
52 98
56 10
58 45
65 68
66 21
68 65
69 17
6 99
76 97
97 76
98 51
98 52
99 6
16 25
21 34
25 16
28 99
34 21
36 69
3 94
45 65
49 53
49 98
51 60
51 65
53 49
60 51
65 45
65 51
69 36
77 78
78 77
94 3
98 49
99 28
18 41
26 29
27 57
29 26
31 64
38 8
41 18
41 9
44 63
47 57
47 77
48 50
50 48
57 27
57 47
63 44
64 31
77 47
8 38
9 41
95 97
97 95
100 43
10 44
14 6
18 4
22 65
26 97
33 49
4 18
42 60
42 75
43 100
44 10
46 79
49 33
60 42
6 14
65 22
75 42
79 46
97 26
100 98
10 93
11 55
15 24
24 15
2 62
27 33
33 27
33 57
3 69
42 82
47 52
52 47
55 11
57 33
62 2
69 3
76 80
80 76
81 84
82 42
84 81
93 10
98 100
10 82
11 48
18 37
37 18
48 11
59 97
82 10
97 59
27 85
46 58
4 83
48 70
51 52
52 51
58 46
59 89
70 48
83 4
85 27
89 59
10 77
15 64
18 82
19 8
22 3
2 70
27 82
29 39
29 86
31 59
3 22
39 29
47 50
50 47
58 83
59 31
60 9
64 15
64 90
66 8
6 7
70 2
7 6
77 10
8 19
82 18
82 27
83 58
86 29
8 66
90 64
9 60
10 32
20 93
2 49
32 10
46 7
46 78
49 2
53 90
7 46
78 46
90 53
93 20
12 20
17 70
20 12
31 84
56 88
62 63
63 62
70 17
71 8
84 31
85 87
8 71
87 85
88 56
100 42
100 80
10 16
12 92
16 10
17 27
27 17
31 42
35 53
36 60
42 100
42 31
45 83
4 77
50 77
51 86
53 35
5 86
60 36
77 4
77 50
80 100
83 45
86 51
86 5
92 12
100 87
13 78
14 87
18 80
21 74
22 82
36 83
39 5
46 73
51 76
5 39
58 99
65 76
73 46
74 21
76 51
76 65
78 13
80 18
82 22
83 36
87 100
87 14
99 58
13 81
25 76
28 84
35 51
39 51
46 49
49 46
51 35
51 39
51 56
56 51
56 73
66 87
73 56
76 25
81 13
84 28
87 66
90 99
99 90
100 33
1 74
18 87
19 27
20 50
20 94
22 57
27 19
33 100
49 57
50 20
57 22
57 49
68 74
68 94
74 1
74 68
87 18
94 20
94 68
1 31
14 5
17 24
22 26
22 81
22 98
24 17
26 22
26 45
30 39
31 1
3 63
39 30
45 26
5 14
57 84
63 3
70 75
73 77
75 70
77 73
77 9
81 22
84 57
9 77
98 22
16 23
16 29
23 16
24 80
29 16
31 83
35 68
37 73
38 88
50 87
63 97
64 8
68 35
73 37
80 24
83 31
8 64
87 50
87 99
88 38
97 63
99 87
11 59
17 39
2 51
29 4
33 63
39 17
4 29
51 2
59 11
63 33
74 81
7 81
81 7
81 74
10 8
14 48
15 94
16 92
26 40
35 50
40 26
41 68
41 74
42 66
45 75
48 14
50 35
66 42
67 93
68 41
74 41
75 45
80 91
8 10
91 80
92 16
93 67
94 15
100 13
10 74
13 100
19 89
20 34
31 43
32 40
33 42
34 20
3 88
40 32
41 85
42 33
43 31
53 54
54 53
54 61
61 54
74 10
79 8
85 41
8 79
88 3
89 19
10 48
10 60
14 33
16 43
19 37
23 41
30 43
33 14
3 52
35 36
36 35
37 19
41 23
43 16
43 30
45 51
48 10
49 68
51 45
52 3
55 79
60 10
68 49
79 55
15 87
35 77
38 87
42 49
49 42
64 84
74 84
77 35
84 64
84 74
87 15
87 38
17 92
18 65
21 75
21 91
23 6
40 61
44 52
52 44
61 40
6 23
65 18
70 88
75 21
88 70
91 21
92 17
11 78
11 9
13 16
13 55
15 21
16 13
20 40
20 84
21 15
23 3
24 93
27 29
28 88
29 27
3 23
40 20
49 50
49 58
49 81
50 49
54 95
55 13
57 96
58 49
78 11
81 49
84 20
88 28
9 11
93 24
95 54
96 57
13 9
18 90
21 37
26 43
2 85
37 21
43 26
45 7
52 62
62 52
7 45
85 2
90 18
9 13
19 80
30 47
33 44
35 52
44 33
47 30
52 35
56 63
63 56
75 91
80 19
91 75
1 53
18 28
26 3
27 70
28 18
3 26
53 1
57 88
6 70
70 27
70 6
88 57
12 2
12 50
1 37
16 2
2 12
2 16
24 37
26 56
29 53
32 65
34 93
37 1
37 24
39 79
48 77
4 93
50 12
53 29
56 26
65 32
72 92
77 48
79 39
92 72
93 34
93 4
24 63
24 88
25 8
3 90
41 99
44 91
52 7
55 8
63 24
7 52
80 89
8 25
8 55
88 24
89 80
90 3
91 44
99 41
12 80
1 29
24 46
29 1
34 69
37 78
38 96
46 24
5 75
62 7
69 34
75 5
7 62
78 37
80 12
8 88
88 8
96 38
11 6
17 65
18 96
23 89
41 57
45 9
54 57
54 62
5 57
57 41
57 5
57 54
6 11
62 54
65 17
65 80
80 65
89 23
9 45
96 18
100 59
1 49
23 68
34 43
36 95
38 70
43 34
49 1
49 94
51 8
59 100
64 72
68 23
70 38
72 64
8 51
94 49
95 36
28 29
29 28
36 78
45 61
59 79
61 45
72 95
78 36
79 59
95 72
1 44
14 55
18 5
24 30
27 5
29 59
30 24
32 97
33 35
34 46
35 33
44 1
45 64
46 34
49 61
49 75
5 18
5 27
53 9
55 14
59 29
61 49
64 45
68 88
74 82
75 49
82 74
88 68
88 96
9 53
96 88
97 32
10 30
12 25
12 38
18 89
21 95
22 93
25 12
30 10
36 62
38 12
38 57
55 99
56 64
57 38
58 86
62 36
64 56
86 58
89 18
93 22
95 21
99 55
12 62
21 23
23 21
23 50
29 5
34 5
46 88
50 23
5 29
52 92
5 34
62 12
62 87
65 86
86 65
87 62
88 46
92 52
12 21
12 84
13 30
21 12
30 13
33 43
37 62
43 33
43 67
45 62
61 84
62 37
62 45
65 66
66 65
67 43
84 12
84 61
10 18
18 10
30 84
31 45
35 66
45 31
45 89
57 8
58 79
66 35
79 58
84 30
8 57
88 9
89 45
9 88
13 89
23 43
33 47
33 88
36 38
38 36
42 88
43 23
44 58
47 33
58 44
88 33
88 42
89 13
12 74
12 98
18 43
21 57
23 82
26 79
27 89
32 66
33 40
40 33
43 18
4 63
47 78
48 72
50 90
52 71
57 21
63 4
66 32
71 52
72 48
74 12
78 47
78 88
79 26
82 23
88 78
89 27
90 50
98 12
1 12
1 19
12 1
1 25
14 61
18 3
19 1
19 39
25 1
28 71
3 18
33 72
39 19
4 92
59 90
61 14
71 28
72 33
90 59
92 4
13 25
15 98
25 13
4 52
4 71
52 4
53 98
57 74
71 4
74 57
98 15
98 53
19 49
20 67
34 37
36 93
37 34
44 49
49 19
49 44
67 20
71 93
93 36
93 71
11 4
15 22
22 15
29 33
33 29
39 43
4 11
43 39
4 56
55 56
56 4
56 55
57 83
62 74
74 62
7 78
78 7
81 96
83 57
90 98
96 81
98 90
100 90
19 22
22 19
2 67
26 8
30 48
33 74
48 30
52 94
6 68
67 2
68 6
71 9
74 33
8 26
83 95
90 100
94 52
95 83
9 71
17 37
19 9
20 56
22 30
22 79
27 35
30 22
35 27
37 17
37 92
42 47
45 92
46 6
47 42
49 65
4 97
55 80
56 20
62 81
6 46
65 49
79 22
80 55
80 86
81 62
86 80
9 19
92 37
92 45
97 4
10 23
23 10
24 32
32 24
32 49
3 37
37 3
38 84
49 32
51 68
68 51
84 38
100 71
15 55
18 32
23 77
25 52
32 18
34 61
52 25
55 15
61 34
69 97
71 100
77 23
85 95
95 85
97 69
12 75
13 71
14 82
17 68
22 35
30 95
35 22
36 46
46 36
55 77
68 17
6 93
71 13
75 12
77 55
82 14
93 6
95 30
11 33
14 77
14 96
27 37
33 11
33 83
37 27
3 93
42 61
49 62
61 42
62 49
69 83
77 14
79 88
81 88
83 33
83 69
88 79
88 81
93 3
96 14
100 62
10 99
15 71
16 59
16 69
21 73
23 76
24 74
2 68
34 41
36 87
38 43
41 34
43 38
54 56
56 54
59 16
62 100
68 2
69 16
71 15
73 21
74 24
76 23
87 36
99 10
1 22
15 60
1 58
22 1
23 24
23 31
23 74
24 23
31 23
33 73
46 84
48 92
58 1
60 15
67 94
73 33
74 23
84 46
92 48
94 67
100 39
18 23
23 18
34 98
39 100
72 87
87 72
98 34
100 47
10 39
20 69
23 92
2 45
28 75
38 91
39 10
45 2
47 100
47 5
48 60
5 47
54 83
60 48
69 20
75 28
83 54
83 91
84 91
91 38
91 83
91 84
92 23
100 52
11 71
16 20
20 16
20 91
24 98
27 54
30 7
45 74
52 100
54 27
71 11
7 30
74 45
91 20
98 24
13 27
27 13
3 38
36 50
38 3
44 51
4 94
50 36
51 44
54 78
55 87
66 74
74 66
78 54
87 55
94 4
11 83
24 49
37 39
39 37
49 24
58 77
5 92
77 58
82 98
83 11
83 93
92 5
93 83
98 82
13 92
18 77
19 53
29 42
42 29
43 66
4 91
53 19
53 77
53 92
60 98
66 43
77 18
77 53
91 4
92 13
92 53
98 60
100 11
11 100
12 26
14 78
26 12
28 40
29 62
32 44
35 56
40 28
40 48
40 52
44 32
44 74
48 40
51 82
52 40
56 35
62 29
74 44
78 14
82 51
11 79
12 82
21 43
26 61
31 37
32 80
37 31
37 60
39 8
41 69
42 56
43 21
43 6
4 8
50 59
53 84
56 42
59 50
60 37
61 26
6 43
69 41
79 11
80 32
82 12
8 39
8 4
84 53
100 72
10 49
13 14
14 13
16 8
25 49
28 81
37 77
39 75
4 46
46 4
49 10
49 25
55 62
58 81
61 77
61 97
62 55
69 90
72 100
75 39
76 92
77 37
77 61
81 28
81 58
8 16
87 90
90 69
90 87
92 76
97 61
12 69
1 7
21 76
2 47
36 98
4 69
47 2
54 88
62 95
64 68
68 64
69 12
69 4
7 1
71 75
75 71
76 21
88 54
95 62
98 36
20 88
38 41
41 38
83 97
88 20
97 83
10 95
12 57
13 59
1 39
1 72
19 5
21 25
25 21
27 60
39 1
39 92
48 93
49 89
50 88
5 19
57 12
5 82
59 13
60 27
63 90
70 71
71 70
72 1
82 5
88 50
89 49
90 63
92 39
93 48
95 10
100 83
30 44
32 43
43 32
44 30
47 72
49 93
51 95
52 96
72 47
83 100
93 49
95 51
96 52
13 58
15 84
24 81
37 9
38 58
58 13
58 38
62 78
78 62
81 24
84 15
9 37
18 36
2 77
36 18
46 74
50 74
54 73
58 78
69 88
69 98
73 54
74 46
74 50
77 2
78 58
88 69
98 69
11 24
11 88
18 64
19 87
23 95
24 11
29 7
37 99
43 51
51 43
64 18
70 95
7 29
81 9
83 9
85 86
86 85
87 19
88 11
95 23
95 70
9 81
9 83
99 37
14 28
20 47
27 58
28 14
28 91
29 83
33 84
34 99
42 50
42 97
47 20
50 42
52 70
58 27
70 52
83 29
84 33
91 28
97 42
99 34
1 69
28 30
30 28
33 71
37 38
38 37
55 78
63 95
64 93
67 92
69 1
71 33
78 55
92 67
93 64
95 63
14 22
22 14
25 56
25 69
47 66
56 25
5 8
66 47
69 25
8 5
14 21
21 14
36 71
40 53
43 93
53 40
59 75
61 99
6 76
71 36
75 59
76 6
93 43
99 61
26 71
26 7
37 80
38 63
58 9
62 71
63 38
69 85
71 26
71 62
7 26
80 37
85 69
89 90
90 89
9 58
11 69
15 4
15 63
25 57
4 15
47 62
57 25
57 94
62 47
63 15
69 11
82 86
83 96
86 82
94 57
96 83
10 52
12 65
13 79
14 85
23 71
2 53
29 78
3 40
38 99
40 3
43 53
45 69
51 59
51 62
52 10
53 2
53 43
59 51
62 51
65 12
69 45
71 23
78 29
79 13
85 14
99 38
11 46
1 36
1 86
21 45
25 72
36 1
41 67
45 21
46 11
50 86
56 58
58 56
67 41
72 25
86 1
86 50
11 39
25 90
30 83
3 80
39 11
80 3
82 92
83 30
90 25
92 82
29 74
36 70
43 64
50 71
52 67
59 80
64 43
67 52
69 89
70 36
70 83
71 50
74 29
74 80
80 59
80 74
83 70
89 69
100 49
12 60
1 90
2 33
33 2
3 59
41 54
42 72
45 98
49 100
54 41
59 3
60 12
72 42
81 98
90 1
98 45
98 81
13 52
16 51
21 40
2 35
24 9
27 56
30 64
35 2
40 21
45 99
51 16
52 13
56 27
64 30
9 24
99 45
10 80
30 51
46 99
47 49
49 47
51 30
5 66
56 66
66 5
66 56
80 10
99 46
1 11
11 1
22 51
35 43
38 52
43 35
51 22
52 38
58 71
67 90
71 58
90 67
10 2
2 10
25 34
32 58
34 25
40 70
58 32
58 70
59 8
70 40
70 58
8 59
86 99
99 86
1 43
23 90
3 36
35 95
36 3
39 59
43 1
59 39
67 71
71 67
90 23
95 35
15 29
29 15
48 8
49 56
50 80
51 89
56 49
56 75
75 56
80 50
8 48
89 51
17 7
26 36
30 86
36 26
46 66
66 46
66 81
68 7
7 17
71 92
7 68
80 88
81 66
86 30
88 80
92 71
10 96
51 94
53 56
53 78
56 53
65 87
78 53
87 65
94 51
96 10
100 99
26 82
59 82
64 71
65 97
71 64
82 26
82 59
97 65
99 100
1 56
28 46
46 28
56 1
59 73
73 59
82 83
83 82
11 87
12 94
26 50
30 53
37 98
42 9
50 26
53 30
78 8
87 11
8 78
94 12
9 42
98 37
17 61
20 7
5 72
60 66
61 17
66 60
7 20
72 5
23 7
33 70
4 59
55 66
59 4
66 55
70 33
70 93
7 23
93 70
17 64
17 90
53 64
60 79
64 17
64 53
73 7
7 73
79 60
90 17
11 3
13 86
20 37
3 11
37 20
46 61
4 80
51 81
52 95
61 46
6 88
80 4
81 51
82 93
86 13
88 6
93 82
95 52
32 92
92 32
1 62
37 58
50 68
58 37
58 66
62 1
65 93
66 58
68 50
93 65
11 76
14 75
15 49
32 51
35 97
49 15
51 32
58 93
66 97
71 72
72 71
75 14
76 11
80 92
8 95
92 80
93 58
95 8
97 35
97 66
16 87
20 38
28 95
38 20
38 79
46 56
4 76
49 54
54 49
56 46
57 64
61 69
64 57
69 61
71 82
76 4
79 38
82 71
86 95
87 16
90 91
91 90
95 28
95 86
100 34
26 27
27 26
2 8
31 69
34 100
42 83
48 59
59 48
62 92
68 80
69 31
72 76
76 72
79 81
80 68
81 79
8 2
83 42
92 62
22 33
33 22
44 97
52 65
64 86
65 52
86 64
97 44
1 13
13 1
16 55
24 34
24 70
34 24
36 9
55 16
5 99
64 76
70 24
74 76
76 64
76 74
9 36
99 5
100 15
15 100
25 38
26 41
29 81
38 25
41 26
44 70
47 87
66 72
70 44
72 66
81 29
87 47
17 58
44 92
48 62
49 9
53 67
58 17
61 65
61 70
62 48
65 61
67 53
70 61
92 44
9 49
15 85
21 90
2 37
24 6
27 92
34 59
37 2
58 59
59 34
59 58
6 24
85 15
90 21
92 27
30 59
41 73
54 67
56 71
59 30
67 54
71 56
73 41
86 93
93 86
15 2
2 15
34 38
38 34
48 49
49 48
52 55
55 52
67 74
74 67
1 32
13 91
15 27
16 95
27 15
31 99
32 1
35 82
39 91
51 83
53 58
58 53
66 77
77 66
82 35
83 51
89 9
91 13
91 39
95 16
9 89
99 31
1 16
16 1
21 77
25 30
27 59
27 97
30 25
34 65
36 54
54 36
59 27
65 34
76 89
77 21
89 76
97 27
19 41
2 38
24 47
31 97
38 2
39 70
41 19
47 24
50 79
70 39
79 50
79 93
90 97
93 79
97 31
97 90
10 83
10 88
17 45
18 62
2 44
34 85
38 44
41 58
44 2
44 38
45 17
51 5
5 51
58 41
62 18
71 86
83 10
85 34
86 71
88 10
16 60
28 3
3 28
34 94
43 69
50 66
53 55
55 53
60 16
66 50
68 92
69 43
69 71
69 86
71 69
74 75
75 74
7 98
86 69
92 68
94 34
98 7
19 94
20 22
22 20
25 77
36 91
38 7
39 54
4 48
48 4
54 39
7 38
77 25
77 94
79 85
85 79
89 93
91 36
93 89
94 19
94 77
17 60
18 45
45 18
59 85
60 17
63 83
83 63
85 59
13 97
1 45
19 21
21 19
34 80
44 89
45 1
52 53
53 52
80 34
89 44
97 13
16 35
35 16
50 63
54 75
61 66
63 50
66 61
75 54
87 91
91 87
12 86
19 92
27 8
57 80
80 57
8 27
86 12
92 19
26 9
2 72
29 77
5 88
72 2
73 75
75 73
77 29
88 5
9 26
20 95
22 87
2 29
2 91
29 2
47 73
73 47
87 22
91 2
95 20
10 24
11 64
15 23
23 15
24 10
29 41
39 49
41 29
49 39
54 80
64 11
80 54
85 92
92 85
11 80
30 33
33 30
40 80
47 9
56 94
59 84
64 7
6 80
74 77
7 64
77 74
80 11
80 40
80 6
84 59
94 56
9 47
100 3
20 45
3 100
35 74
45 20
53 94
59 9
74 35
94 53
9 59
14 4
36 56
4 14
56 36
22 54
33 69
36 77
42 74
54 22
69 33
74 42
77 36
13 69
25 98
31 34
34 31
49 91
53 60
60 53
64 66
66 64
69 13
72 81
81 72
91 49
98 25
16 42
1 77
38 66
42 16
58 96
66 38
66 95
70 90
77 1
90 70
95 66
96 58
23 52
31 47
38 68
47 31
52 23
67 86
68 38
74 83
76 98
83 74
86 67
98 76
22 25
25 22
4 51
51 4
56 69
69 56
10 29
26 95
29 10
53 8
79 99
8 53
95 26
99 79
11 57
15 54
2 42
25 65
42 2
49 60
54 15
57 11
60 49
65 25
6 8
8 6
100 2
11 54
15 62
17 20
20 17
2 100
25 47
2 60
2 97
47 25
54 11
60 2
62 15
62 84
70 98
84 62
97 2
98 70
15 43
21 80
23 5
31 58
39 99
43 15
5 23
58 31
80 21
89 97
97 89
99 39
13 45
17 18
18 17
18 46
23 81
24 4
4 24
44 45
45 13
45 44
46 18
54 93
81 23
93 54
100 70
2 34
34 2
34 64
42 70
61 81
64 34
70 100
70 42
71 77
77 71
81 61
46 95
47 89
89 47
95 46
15 31
18 52
2 79
29 37
29 85
31 15
33 52
37 29
4 58
52 18
52 33
58 4
79 2
85 29
8 9
9 8
1 89
19 36
34 35
35 34
36 19
3 86
60 83
70 72
72 70
76 88
83 60
83 99
86 3
88 76
89 1
99 83
11 32
12 15
12 49
15 12
16 83
18 39
19 43
21 55
32 11
39 18
43 19
47 74
49 12
55 21
70 85
74 47
83 16
85 70
12 31
31 12
32 62
39 60
60 39
62 32
72 89
88 90
89 72
90 88
95 99
99 95
1 73
36 92
73 1
92 36
10 97
14 63
30 3
32 64
3 30
33 4
4 33
63 14
64 32
97 10
18 78
25 36
28 44
28 48
36 25
44 28
48 28
78 18
10 19
1 66
1 70
19 10
21 6
34 42
39 77
42 34
45 94
52 81
6 21
62 75
66 1
66 70
6 77
68 83
70 1
70 66
75 62
77 39
77 6
81 52
83 68
89 95
94 45
95 89
10 72
19 4
26 54
31 36
34 45
34 90
36 31
4 19
45 34
53 68
54 26
54 77
58 74
68 53
6 9
72 10
74 58
77 54
90 34
9 6
10 86
11 90
1 60
51 93
53 6
60 1
6 53
68 78
78 68
86 10
90 11
93 51
10 15
11 68
14 64
15 10
28 36
36 28
37 7
46 77
64 14
68 11
7 37
77 46
79 98
80 9
86 94
94 86
9 80
98 79
10 45
10 91
12 28
15 77
27 49
28 12
28 41
41 28
45 10
4 75
49 27
57 77
64 67
67 64
75 4
77 15
77 57
80 87
87 80
91 10
100 22
14 94
22 100
43 59
46 83
59 43
59 67
67 59
78 86
79 92
83 46
86 78
92 79
94 14
100 31
10 89
15 81
31 100
46 68
67 73
68 46
70 91
73 67
81 15
89 10
91 70
18 83
22 23
22 61
23 22
24 8
28 42
42 28
42 62
61 22
62 42
72 90
8 24
83 18
90 72
12 7
17 35
33 64
35 17
37 40
40 37
54 96
64 33
7 12
96 54
32 46
46 32
53 91
57 78
64 65
65 64
78 57
91 53
52 60
52 80
60 52
80 52
88 98
98 88
14 43
23 28
23 98
28 23
43 14
47 97
5 85
85 5
97 47
98 23
26 78
3 51
51 3
78 26
46 93
53 69
69 53
70 86
86 70
93 46
13 23
17 93
23 13
31 98
52 86
61 72
67 97
72 61
86 52
91 94
93 17
94 91
97 67
98 31
16 70
19 81
23 61
61 23
70 16
81 19
91 95
95 91
28 98
36 80
7 88
80 36
88 7
98 28
15 36
16 86
22 53
34 78
36 15
3 83
53 22
55 82
78 34
82 55
83 3
86 16
24 91
30 41
33 55
3 56
41 30
55 33
56 3
61 7
7 61
91 24
96 97
97 96
16 38
18 98
19 68
22 89
27 80
30 97
33 67
38 16
47 65
60 68
65 47
67 33
68 19
68 60
80 27
89 22
97 30
98 18
19 63
38 86
45 55
55 45
59 72
63 19
72 59
76 91
76 94
86 38
91 76
94 76
100 12
100 25
12 100
20 44
23 56
25 100
44 20
49 97
56 23
56 81
61 93
81 56
93 61
97 49
16 53
31 81
3 44
44 3
45 6
50 51
51 50
53 16
60 94
6 45
81 31
94 60
22 77
52 77
5 69
69 5
77 22
77 52
21 4
24 58
3 7
4 21
42 67
44 54
54 44
58 24
67 42
7 3
2 84
36 85
3 84
53 97
60 73
65 85
73 60
80 98
84 2
84 3
85 36
85 65
8 98
97 53
98 80
98 8
14 95
34 79
37 72
54 74
72 37
74 54
79 34
95 14
15 70
20 5
22 32
27 36
32 22
36 27
46 53
5 20
53 46
61 98
70 15
71 7
7 71
98 61
100 27
100 75
1 34
24 94
27 100
34 1
75 100
94 24
19 20
19 64
20 19
24 61
57 76
57 81
61 24
64 19
74 86
76 57
77 97
81 57
86 74
97 77
1 35
35 1
36 42
42 36
69 78
78 69
7 91
91 7
24 3
3 24
74 95
95 74
20 26
25 33
26 20
27 53
27 61
33 25
42 78
53 27
61 27
67 82
78 42
82 67
24 54
2 52
28 56
31 82
43 84
52 2
54 24
5 62
56 28
62 5
82 31
84 43
17 54
25 95
42 68
54 17
61 75
68 42
75 61
7 97
86 92
92 86
95 25
97 7
1 23
19 86
23 1
35 41
41 35
57 58
58 57
86 19
27 47
47 27
4 87
58 94
75 92
87 4
92 75
94 58
15 61
23 42
42 23
5 58
58 5
61 15
63 64
64 63
64 95
68 72
72 68
72 97
78 85
85 78
95 64
97 72
23 45
25 6
3 67
41 61
45 23
46 52
48 61
52 46
59 78
61 41
61 48
6 25
65 81
67 3
78 59
81 65
94 97
97 94
18 81
25 86
36 97
41 87
60 72
72 60
81 18
83 88
86 25
87 41
88 83
97 36
22 40
23 26
26 23
27 34
34 27
40 22
43 4
4 43
12 93
27 30
30 27
39 56
56 39
93 12
100 82
19 88
29 67
30 67
46 98
59 98
67 29
67 30
70 76
71 87
76 70
82 100
87 71
88 19
98 46
98 59
10 67
14 56
15 78
3 5
5 3
55 65
56 14
65 55
67 10
78 15
2 81
32 82
33 86
61 74
74 61
81 2
82 32
86 33
92 93
93 92
11 92
14 45
1 46
19 33
19 45
33 19
45 14
45 19
46 1
51 78
78 51
79 87
87 79
88 95
92 11
95 88
24 59
50 75
55 96
59 24
62 88
75 50
81 95
88 62
95 81
96 55
15 3
21 61
3 15
61 21
11 38
1 40
36 79
38 11
40 1
41 7
46 70
4 73
70 46
73 4
7 41
79 36
10 41
41 10
44 72
72 44
10 98
52 54
54 52
98 10
33 62
46 91
54 64
60 84
62 33
64 54
71 73
73 71
76 99
84 60
91 46
99 76
23 72
34 88
64 81
72 23
81 64
88 34
100 60
14 32
28 93
32 14
43 73
60 100
73 43
93 28
13 70
15 18
18 15
37 86
46 87
59 70
60 91
61 91
70 13
70 59
73 92
86 37
87 46
8 96
91 60
91 61
92 73
96 8
11 18
18 11
19 67
30 62
62 30
64 70
67 19
70 64
70 73
73 70
100 9
10 1
1 10
61 95
9 100
95 61
3 87
45 90
46 94
58 90
72 9
87 3
90 45
90 58
94 46
9 72
100 78
47 76
76 47
78 100
100 6
15 79
1 6
17 57
21 27
25 78
27 21
41 93
57 17
6 100
6 1
78 25
79 15
93 41
10 6
11 91
1 64
2 80
43 9
5 59
59 5
6 10
61 63
62 64
63 61
64 1
64 62
80 2
80 84
84 80
91 11
9 43
39 42
41 48
42 39
48 41
70 7
7 70
10 43
43 10
6 84
6 98
70 84
84 6
84 70
98 6
23 79
38 9
79 23
9 38
67 79
79 67
10 25
25 10
32 38
36 82
38 32
44 77
77 44
82 36
11 30
26 83
30 11
59 60
60 59
83 26
8 97
97 8
2 69
34 7
40 63
43 75
63 40
67 68
68 67
69 2
7 34
75 43
31 88
37 70
4 6
62 68
62 98
6 4
68 62
70 37
7 87
87 7
88 31
98 62
19 2
2 19
23 59
27 52
52 27
59 23
60 80
80 60
82 91
91 82
35 99
68 96
96 68
99 35
11 47
24 77
47 11
48 95
53 82
75 80
77 24
80 75
81 8
82 53
87 9
8 81
95 48
9 87
100 46
41 91
44 85
46 100
51 84
58 73
61 67
67 61
69 95
72 88
73 58
84 51
85 44
88 72
91 41
95 69
13 46
26 93
46 13
46 50
50 46
52 79
79 52
93 26
38 61
45 49
49 45
56 80
61 38
62 80
80 56
80 62
18 68
25 64
43 45
43 55
45 43
55 43
64 25
6 81
68 18
81 6
1 78
18 74
20 23
23 20
3 46
43 57
46 3
49 6
57 43
57 9
6 49
74 18
78 1
9 57
25 96
32 88
35 59
43 83
48 88
59 35
83 43
88 32
88 48
96 25
11 23
22 72
23 11
31 62
33 82
54 60
60 54
60 96
62 31
72 22
82 33
96 60
2 26
25 53
26 2
53 25
55 97
97 55
36 48
43 65
48 36
65 43
37 8
71 88
8 37
88 71
12 64
26 4
31 3
3 31
34 72
37 75
4 26
4 54
54 4
64 12
72 34
75 37
87 98
98 87
11 82
1 3
2 54
3 1
54 2
56 7
7 56
82 11
23 87
39 78
4 5
5 4
69 74
74 69
78 39
87 23
37 6
42 7
6 37
7 42
75 9
9 75
13 37
20 64
37 13
45 72
56 76
64 20
72 45
76 56
30 76
76 30
76 90
78 95
90 76
95 78
13 93
21 79
49 84
5 7
7 5
79 21
84 49
85 89
89 85
91 99
93 13
99 91
28 76
37 95
43 62
62 43
76 28
95 37
10 40
10 42
11 74
20 54
3 39
39 3
40 10
42 10
54 20
63 88
74 11
88 63
17 40
19 59
32 52
35 64
40 17
41 70
52 32
59 19
64 35
70 41
19 71
34 56
35 89
56 34
61 76
71 19
76 61
89 35
10 63
24 33
33 24
5 67
63 10
67 5
77 98
98 77
11 15
12 78
15 11
15 45
37 64
45 15
45 93
64 37
78 12
93 45
41 44
44 41
61 80
68 95
74 78
78 74
80 61
95 68
10 87
14 15
15 14
23 47
47 23
64 75
75 64
87 10
21 36
34 62
36 21
36 61
56 60
59 71
60 56
61 36
62 34
71 59
27 99
34 95
35 94
74 94
94 35
94 74
95 34
99 27
16 40
26 81
40 16
70 89
81 26
89 70
11 29
14 62
19 98
29 11
58 88
62 14
86 90
88 58
90 86
98 19
15 97
4 98
97 15
98 4
25 9
40 76
41 79
43 49
49 43
76 40
79 41
9 25
11 56
27 93
35 98
50 67
56 11
67 50
69 77
77 69
93 27
98 35
15 57
42 85
57 15
85 42
23 94
24 64
41 49
49 41
5 74
64 24
74 5
93 98
94 23
98 93
23 91
2 55
33 9
55 2
67 85
85 67
89 99
91 23
9 33
99 89
76 96
96 76
21 60
28 9
34 81
60 21
81 34
9 28
10 9
12 16
16 12
25 87
43 87
87 25
87 43
9 10
14 52
25 73
52 14
73 25
74 99
99 74
15 52
25 67
34 84
52 15
67 25
84 34
54 82
82 54
63 89
89 63
4 45
45 4
62 66
66 62
23 25
25 23
37 82
71 94
82 37
94 71
31 54
40 49
49 40
54 31
27 38
37 61
38 27
61 37
68 82
75 86
7 89
82 68
86 75
89 7
10 76
1 93
37 94
40 83
49 82
72 84
76 10
82 49
83 40
84 72
93 1
94 37
32 99
99 32
10 3
2 93
3 10
41 98
44 57
56 9
57 44
93 2
9 56
98 41
23 8
8 23
24 53
38 5
53 24
5 38
79 89
89 79
93 96
96 93
1 48
17 67
24 56
33 45
33 92
37 97
44 78
45 33
48 1
56 24
67 17
70 97
78 44
92 33
97 37
97 70
25 68
36 4
42 71
4 36
45 56
56 45
68 25
71 42
25 74
2 98
74 25
98 2
38 89
44 76
68 93
76 44
89 38
93 68
2 24
24 2
56 74
5 68
68 5
72 96
74 56
96 72
23 75
32 76
3 45
45 3
75 23
76 32
30 31
31 30
32 3
3 32
56 93
76 78
78 76
83 85
85 83
93 56
10 92
18 94
1 96
22 7
23 46
46 23
7 22
81 99
92 10
94 18
96 1
99 81
16 91
20 48
34 51
34 77
48 20
4 9
51 34
54 70
60 69
69 60
70 54
77 34
77 81
81 77
85 91
91 16
91 85
9 4
37 93
76 83
83 76
93 37
26 37
36 39
37 26
39 36
52 64
64 52
81 82
82 81
23 62
30 58
33 46
46 33
58 30
62 23
6 87
87 6
2 76
27 75
28 97
4 55
46 54
54 46
55 4
58 63
63 58
75 27
76 2
97 28
10 90
3 81
81 3
90 10
31 74
45 53
53 45
60 82
74 31
82 60
82 87
87 82
15 93
31 80
80 31
93 15
6 73
73 6
10 36
18 19
1 84
19 18
19 91
3 42
36 10
42 3
46 86
59 77
77 59
84 1
86 46
91 19
11 34
34 11
15 33
15 74
33 15
52 76
74 15
76 52
21 48
23 80
38 95
48 21
59 93
62 94
80 23
93 59
94 62
95 38
11 97
3 58
58 3
74 87
87 74
97 11
3 34
34 3
39 93
56 99
93 39
99 56
30 74
74 30
11 70
34 82
3 49
49 3
70 11
82 34
26 77
77 26
84 85
85 84
37 90
90 37
13 68
14 16
16 14
21 78
68 13
72 77
75 95
77 72
78 21
95 75
100 95
38 59
59 38
65 74
74 65
95 100
39 68
48 57
57 48
68 39
54 86
86 54
21 46
37 76
46 21
76 37
49 64
64 49
58 67
67 58
3 54
38 62
54 3
62 38
100 1
1 100
45 87
84 99
87 45
99 84
24 25
25 24
39 62
62 39
10 61
11 77
12 66
61 10
66 12
77 11
10 17
17 10
17 53
1 9
33 80
46 67
53 17
67 46
80 33
9 1
16 77
77 16
94 99
99 94
36 63
63 36
70 77
77 70
19 52
24 36
36 24
52 19
55 63
63 55
84 97
97 84
14 47
47 14
49 52
52 49
59 92
92 59
34 39
39 34
45 71
51 72
57 97
67 88
71 45
72 51
75 82
75 96
82 75
82 97
88 67
96 75
97 57
97 82
36 52
43 56
52 36
56 43
64 78
78 64
38 45
45 38
59 7
75 77
7 59
77 75
13 83
3 57
45 91
49 85
57 3
83 13
85 49
91 45
2 88
31 60
60 31
7 82
82 7
88 2
1 97
60 99
97 1
99 60
59 62
62 59
14 68
15 56
2 32
32 2
51 88
56 15
56 91
68 14
85 90
88 51
90 85
91 56
93 95
95 93
24 42
3 95
42 24
95 3
27 81
81 27
36 59
59 36
87 97
97 87
30 45
42 43
43 42
45 30
93 9
9 93
17 36
33 48
35 57
36 17
48 33
57 35
13 2
2 13
25 3
3 25
5 70
70 5
18 56
24 39
36 5
39 24
46 48
48 46
5 36
56 18
19 65
19 74
65 19
74 19
100 97
10 62
62 10
73 78
76 8
78 73
8 76
97 100
19 42
42 19
85 97
97 85
13 47
47 13
60 78
62 77
65 88
77 62
78 60
80 99
88 65
99 80
24 43
25 31
31 25
38 85
43 24
85 38
23 65
65 23
38 39
39 38
45 76
76 45
100 4
1 95
4 100
68 77
77 68
95 1
29 93
39 67
48 91
67 39
91 48
93 29
11 19
19 11
80 81
81 80
11 45
45 11
51 67
64 91
67 51
91 64
13 24
19 90
24 13
36 74
74 36
90 19
25 97
97 25
35 60
55 75
60 35
75 55
25 46
36 49
46 25
49 36
49 80
80 49
17 95
95 17
27 63
63 27
77 82
82 77
86 98
98 86
18 59
32 74
47 48
48 47
59 18
74 32
3 62
54 63
62 3
63 54
1 15
14 54
15 1
15 25
25 15
54 14
44 69
4 85
69 44
85 4
45 95
95 45
23 78
58 97
78 23
97 58
56 85
85 56
11 60
17 38
17 77
2 58
38 17
38 76
58 2
60 11
76 38
77 17
38 64
55 89
64 38
67 76
76 67
89 55
23 49
32 33
33 32
3 76
49 23
76 3
43 47
47 43
64 87
87 64
62 72
72 62
75 76
76 75
88 91
91 88
77 80
80 77
49 7
7 49
25 41
41 25
57 71
68 81
71 57
81 68
15 68
34 86
60 70
68 15
70 60
86 34
29 45
45 29
23 57
43 60
57 23
60 43
3 82
68 8
69 76
76 69
82 3
8 68
84 98
98 84
4 68
54 55
55 54
57 86
60 85
68 4
85 60
86 57
26 69
69 26
37 88
52 90
74 97
88 37
90 52
97 74
15 38
21 67
22 88
31 48
38 15
48 31
56 72
67 21
72 56
88 22
58 95
95 58
33 87
77 95
87 33
95 77
52 72
60 61
61 60
72 52
50 52
52 50
66 68
68 66
2 23
23 2
29 55
55 29
61 87
87 61
47 61
48 76
61 47
76 48
92 9
9 92
29 48
48 29
14 67
49 5
5 49
63 68
67 14
68 63
4 79
54 99
78 82
79 4
82 78
99 54
23 60
35 67
60 23
67 35
47 64
49 63
63 49
64 47
20 27
27 20
56 8
81 89
8 56
89 81
33 58
58 33
2 74
37 57
47 56
56 47
57 37
74 2
15 34
34 15
11 99
14 59
59 14
82 96
96 82
99 11
25 94
94 25
16 47
47 16
79 86
86 79
11 25
25 11
54 68
68 54
73 9
9 73
11 61
50 9
54 76
61 11
76 54
9 50
12 46
23 30
30 23
46 12
62 97
85 96
96 85
97 62
16 19
19 16
20 4
27 98
3 43
4 20
43 3
98 27
61 62
62 61
3 4
4 3
81 83
83 81
26 66
57 59
59 57
66 26
20 59
59 20
41 45
45 41
30 80
80 30
42 77
51 97
56 59
59 56
77 42
97 51
14 40
34 97
40 14
97 34
11 72
22 91
27 66
29 31
31 29
66 27
72 11
91 22
18 73
34 4
42 4
4 34
4 42
57 99
73 18
99 57
38 50
44 99
50 38
99 44
15 80
68 9
80 15
87 93
93 87
9 68
13 57
2 86
57 13
86 2
19 69
23 88
31 72
69 19
72 31
88 23
41 56
43 72
56 41
72 43
17 23
23 17
52 68
68 52
33 93
35 88
45 8
8 45
88 35
93 33
72 79
79 72
47 67
63 86
67 47
86 63
13 34
27 78
32 68
34 13
67 99
68 32
78 27
99 67
23 37
27 43
36 58
37 23
43 27
58 36
59 76
76 59
38 73
73 38
58 68
68 58
26 60
34 48
48 34
50 99
60 26
62 76
76 62
99 50
16 34
19 82
29 75
34 16
50 57
57 50
75 29
82 19
100 54
54 100
19 56
56 19
62 90
65 98
90 62
98 65
49 78
78 49
63 69
69 63
14 92
25 82
82 25
92 14
62 6
6 62
43 61
55 9
61 43
74 98
9 55
98 74
47 93
93 47
26 59
59 26
10 46
46 10
91 98
98 91
48 98
80 97
97 80
98 48
21 83
45 68
68 45
83 21
33 99
38 56
56 38
91 93
93 91
99 33
37 67
42 51
46 64
51 42
64 46
67 37
2 99
99 2
73 74
74 73
76 87
87 76
70 87
78 93
87 70
93 78
24 97
97 24
21 99
99 21
98 99
99 98
16 7
7 16
44 68
47 88
68 44
88 47
46 57
57 46
7 8
8 7
38 69
57 67
60 6
61 96
6 60
67 57
69 38
96 61
18 60
60 18
27 67
60 95
67 27
95 60
16 80
80 16
1 30
30 1
35 69
69 35
78 87
87 78
37 41
41 37
4 70
70 4
3 47
47 3
21 88
45 73
47 59
59 47
73 45
88 21
62 93
69 70
70 69
93 62
19 46
46 19
4 78
78 4
48 79
79 48
4 72
72 4
28 43
43 28
97 98
98 97
36 43
40 60
43 36
4 90
60 40
90 4
52 83
83 52
48 64
64 48
27 74
33 95
74 27
95 33
77 86
86 77
2 25
25 2
20 81
81 20
38 77
77 38
63 81
78 97
81 63
97 78
31 44
39 98
44 31
98 39
17 46
46 17
46 89
89 46
27 46
29 60
3 53
38 74
46 27
53 3
60 29
74 38
13 62
62 13
23 4
4 23
62 79
79 62
60 62
62 60
25 37
37 25
76 77
77 76
88 97
97 88
1 38
2 73
38 1
73 2
32 36
36 32
52 78
78 52
73 97
97 73
38 93
46 47
47 46
69 7
7 69
93 38
58 60
60 58
10 51
51 10
56 87
78 89
87 56
89 78
18 21
21 18
35 49
49 35
68 71
71 68
59 74
74 59
27 4
4 27
62 99
99 62
47 58
58 47
67 77
77 67
68 91
91 68
24 87
87 24
23 97
97 23
37 46
46 37
54 81
81 54
65 82
82 65
10 78
78 10
24 86
86 24
27 28
28 27
33 38
38 33
56 68
68 56
23 36
36 23
69 9
82 95
95 82
9 69
43 46
46 43
93 99
99 93
38 80
80 38
2 4
4 2
56 61
61 56
28 38
38 28
46 60
60 46
33 91
91 33
7 77
77 7
32 57
57 32
48 97
5 56
56 5
97 48
58 76
64 69
69 64
76 58
19 26
26 19
16 76
76 16
19 93
93 19
10 58
58 10
36 37
37 36
38 60
60 38
36 57
57 36
68 97
97 68
4 82
82 4
34 68
68 34
3 97
97 3
20 60
60 20
11 17
17 11
23 67
36 68
3 77
67 23
68 36
77 3
3 91
91 3
36 86
86 36
70 74
74 70
35 7
7 35
36 81
52 97
81 36
97 52
15 46
46 15
38 54
54 38
13 76
45 54
54 45
76 13
46 97
74 91
91 74
97 46
42 76
50 76
76 42
76 50
46 62
62 46
45 97
97 45
59 66
66 59
38 97
97 38
51 55
55 51
2 36
36 2
53 80
80 53
38 78
56 77
77 56
78 38
22 58
23 48
48 23
58 22
45 60
60 45
22 9
9 22
42 59
59 42
48 55
55 48
67 84
84 67
15 86
86 15
27 42
42 27
46 76
46 9
76 46
9 46
74 90
90 74
46 59
59 46
12 70
70 12
77 93
93 77
22 44
36 7
44 22
7 36
46 96
96 46
2 65
65 2
12 42
42 12
49 95
95 49
46 81
81 46
59 68
68 59
60 92
92 60
47 60
60 47
33 97
97 33
2 87
87 2
61 78
78 61
12 4
4 12
45 66
66 45
4 65
65 4
40 94
94 40
20 42
40 74
42 20
74 40
60 74
74 60
67 9
9 67
11 67
67 11
36 67
67 36
24 50
50 24
46 69
69 46
40 8
8 40
60 93
93 60
28 6
6 28
47 86
86 47
60 97
97 60
7 96
96 7
23 93
93 23
64 97
97 64
3 66
66 3
30 60
60 30
2 3
3 2
60 76
76 60
45 46
46 45
77 88
88 77
56 62
62 56
24 48
48 24
67 69
69 67
24 62
62 24
29 56
56 29
49 59
59 49
52 93
93 52
42 46
46 42
72 7
7 72
2 57
57 2
45 59
59 45
72 74
74 72
3 78
78 3
2 78
78 2
1 4
4 1
